1424454001.1490:S
1424454004.1650:K:[0, 0, 1, 0]
1424454004.3820:K:[0, 1, 1, 0]
1424454004.3820:K:[0, 1, 0, 0]
1424454004.5150:K:[1, 1, 0, 0]
1424454004.5490:K:[1, 0, 0, 0]
1424454004.6660:K:[1, 0, 0, 1]
1424454004.7150:K:[0, 0, 0, 1]
1424454004.8650:K:[1, 0, 0, 1]
1424454004.9490:K:[1, 0, 0, 0]
1424454005.0820:K:[0, 0, 0, 0]
1424454006.2490:K:[0, 1, 0, 0]
1424454006.4820:K:[0, 1, 0, 1]
1424454006.6150:K:[1, 1, 0, 1]
1424454006.6320:K:[1, 0, 0, 1]
1424454006.6980:K:[1, 0, 0, 0]
1424454006.8650:K:[0, 0, 0, 0]
1424454006.8820:K:[0, 0, 1, 0]
1424454007.0150:K:[0, 1, 1, 0]
1424454007.0320:K:[0, 1, 0, 0]
1424454007.1480:K:[0, 1, 0, 1]
1424454007.2330:K:[0, 0, 0, 1]
1424454007.2490:K:[1, 0, 0, 1]
1424454007.3150:K:[1, 0, 0, 0]
1424454007.3320:K:[0, 0, 0, 0]
1424454008.4650:S
1424454012.0660:S
1424454012.4660:H:['1.0.soldierMagenta_100.png']
1424454013.6320:S
1424454014.0320:H:['0.0.soldierMagenta_100.png']
1424454015.2990:S
1424454015.6990:H:['1.0.soldierMagenta_100.png']
1424454016.042::EOL
